#1
EWS =
2,2,2,2,2,2,2,2,2,2,2,2,2,2,2,2,2,2,5,2,2,6,5,5,2,2,2,2,2,2,2,2,2,2,2,2,2,2,2,2,2,3,4,2,2,2,2,2,2,2,2,2,2,2,2,2,3,2,2,2,2,2,5,2,2,2,2,2,2,2,2,2,2,2,2,2,2,2,3,2,2,2,2,2,2,2,2,2,2,2,2,2,2,2,2,2,2,2,2,2,2,2,2,2,2,2,2,2,2,2,2,2,2,2,2,2,2,2,2,2,2,2,2,2,2,2,2,2,2,2,3,2,2,2,2,2,2,2,2,2,2,2,2,2,2,2,2,2,2,2,2,2,2,2,2,2,2,2,2,2,2,2,2,2,2,2,2,2,2,2,2,2,2,2,2,2,2,2,2,2,2,2,2,2,2,2,2,2,2,2,2,2,2,2,2,2,3,2,2,2,3,6,2,2,2,2,2,2,2,2,2,2,2,2,2,2,2,2,2,2,2,2,2,2,2,2,2,2,2,2,2,2,2,2,2,2,2,2,2,2,2,2,2,2,2,2,2,2,2,2,2,2,2,2,2,4,4,2,4,4,4,4,2,2,2,2,2,2,2,2,2,2,2,2,2,2,2,2,2,2,2,2,2,2,2,2,2,2,2,2,2,2,2,2,2,2,2,2,2,2,2,2,2,2,2,2,2,2,2,3,2,2,4,2,2,2,2,3,3,2,2,3,2,3,2,2,3,4,4,4,4,3,4,4,3,2,2,3,2,2,3,2,3,2,4,4,2,4,4,3,4,4,4,4,4,4,4,4,4,4,4,4,4,4,3,4,7,6,5,6,6,6,7,6,7,7,7,7,7,6,6,6,6,7,7,6,6,6,5,5,7,6,5,5,6,5,6,6,6,6,

06:31.269	ID:1	TP: 2/ TN: 28/ FP: 0/ FN 0
06:31.271	ID:1	/ Suspeitas 325

#2
EWS =
9,9,9,9,9,9,9,9,9,9,9,9,9,9,9,9,9,9,9,9,9,9,9,9,9,9,9,9,9,9,9,9,9,9,9,9,9,9,9,9,9,9,9,9,9,9,9,9,9,9,9,9,9,9,9,9,9,9,9,9,9,9,9,9,9,9,9,9,9,9,9,9,9,9,9,9,9,9,9,9,9,9,9,9,9,9,9,9,9,9,9,9,9,9,9,9,9,9,9,9,9,9,9,9,9,9,9,9,9,9,9,9,9,9,9,9,9,9,9,9,9,9,9,9,9,9,9,9,9,9,9,9,9,9,9,9,9,9,9,9,9,9,9,9,9,9,9,9,9,9,9,9,9,9,9,9,9,9,9,9,9,9,9,9,9,9,9,9,9,9,9,9,9,9,9,9,9,9,9,9,9,9,9,9,9,9,9,9,9,9,9,9,9,9,9,9,9,9,9,9,9,9,9,9,9,9,9,9,9,9,6,7,6,8,5,4,4,4,5,5,5,5,5,5,5,5,5,5,4,5,4,4,4,3,2,4,5,5,4,3,4,3,4,5,4,4,5,5,5,5,3,2,4,4,2,2,2,2,2,2,2,2,2,2,2,2,2,2,2,2,2,2,3,4,3,3,2,2,2,2,3,3,3,2,2,4,4,2,3,3,2,5,2,3,2,2,2,3,3,3,3,2,2,3,2,2,2,3,2,4,2,2,2,2,3,7,6,6,6,8,5,5,5,8,7,4,4,5,6,5,5,5,5,5,5,5,5,6,4,4,4,4,4,5,5,5,5,8,8,4,3,5,4,4,4,5,5,4,4,2,5,2,4,4,2,2,2,4,2,2,2,2,2,2,2,2,2,2,2,2,2,2,2,2,2,2,2,2,2,2,2,2,2,2,2,2,2,2,2,2,

06:31.267	ID:1	TP: 0/ TN: 11/ FP: 0/ FN 19
06:31.268	ID:1	/ Suspeitas 2

#3
EWS =
2,2,2,2,2,2,2,2,2,2,2,2,2,2,2,2,2,2,2,3,2,3,3,2,2,4,2,2,2,2,2,2,2,4,2,3,2,3,3,3,2,2,2,2,2,2,2,2,2,2,2,2,2,2,2,2,2,2,2,2,2,2,2,2,2,2,3,2,2,2,2,2,2,2,2,2,2,3,3,2,4,4,4,5,3,4,4,4,2,3,2,2,2,2,2,2,2,2,2,2,2,2,2,2,2,2,2,2,2,2,2,2,2,2,2,2,2,2,2,2,2,2,2,2,2,2,2,2,2,2,2,2,3,2,2,2,2,2,3,2,2,2,2,2,2,2,2,2,2,2,2,2,2,2,2,2,2,2,2,2,2,2,2,2,2,2,2,2,2,2,2,2,2,2,2,2,2,2,2,5,2,2,2,2,2,2,2,2,2,2,2,2,2,2,2,2,2,2,2,2,2,2,2,2,2,2,2,2,2,2,2,2,2,2,3,2,2,2,2,2,2,2,2,2,2,2,2,2,2,2,2,2,2,2,2,2,2,2,2,2,2,2,2,2,5,2,2,6,5,5,2,2,2,2,2,2,2,2,2,2,2,2,2,2,2,2,2,3,4,2,2,2,2,2,2,2,2,2,2,2,2,2,3,2,2,2,2,2,5,2,2,2,2,2,2,2,2,2,2,2,2,2,2,2,3,2,2,2,2,2,2,2,2,2,2,2,2,2,2,2,2,2,2,2,2,2,2,2,2,2,2,2,2,2,2,2,2,2,2,2,2,2,2,2,2,2,2,2,2,2,2,2,2,2,2,2,3,2,2,2,2,2,2,2,2,2,2,2,2,2,2,2,2,2,2,2,2,2,2,2,2,2,2,2,2,2,2,2,2,2,2,2,2,2,2,2,2,2,2,2,

06:31.267	ID:1	TP: 0/ TN: 30/ FP: 0/ FN 0
06:31.268	ID:1	/ Suspeitas 194

#4
EWS =
2,2,2,2,2,2,2,2,2,2,2,2,2,2,2,2,3,4,3,3,2,2,2,2,3,3,3,2,2,4,4,2,3,3,2,5,2,3,2,2,2,3,3,3,3,2,2,3,2,2,2,3,2,4,2,2,2,2,3,7,6,6,6,8,5,5,5,8,7,4,4,5,6,5,5,5,5,5,5,5,5,6,4,4,4,4,4,5,5,5,5,8,8,4,3,5,4,4,4,5,5,4,4,2,5,2,4,4,2,2,2,4,2,2,2,2,2,2,2,2,2,2,2,2,2,2,2,2,2,2,2,2,2,2,2,2,2,2,2,2,2,2,2,2,2,2,2,2,2,2,2,2,2,2,2,2,2,2,2,2,2,2,2,2,2,2,2,1,1,1,1,1,1,1,1,1,1,1,1,1,1,1,1,1,1,1,1,1,1,1,1,1,1,1,1,1,1,1,1,1,1,1,1,1,1,1,1,1,1,1,1,1,1,1,1,1,1,2,2,2,5,6,2,3,2,3,4,3,4,4,4,4,4,4,4,4,4,4,4,4,4,4,5,4,4,5,5,4,5,4,4,5,5,5,5,5,5,5,5,6,8,8,7,8,8,8,8,8,8,8,8,7,7,7,7,7,7,7,5,5,5,5,5,5,5,7,7,5,5,5,6,8,6,7,6,5,5,5,5,5,5,5,5,5,5,5,5,5,5,5,5,5,5,5,5,5,5,5,5,5,5,5,5,5,6,5,5,5,5,7,7,5,7,6,6,5,5,5,7,7,7,9,9,7,6,7,6,7,7,7,6,6,7,7,7,7,7,7,7,7,7,7,7,7,7,6,7,7,7,7,7,7,5,5,6,6,7,7,7,7,7,7,7,8,7,8,7,8,7,8,8,7,7,8,7,8,8,8,8,8,

06:31.270	ID:1	TP: 13/ TN: 17/ FP: 0/ FN 0
06:31.271	ID:1	/ Suspeitas 257

#5
EWS =
9,9,9,9,9,9,9,9,9,9,9,9,9,9,9,9,9,9,9,9,9,9,9,9,9,9,9,9,9,9,9,9,9,9,9,9,9,9,9,9,9,9,9,9,9,9,9,9,9,9,9,9,9,9,9,9,9,9,9,9,9,9,9,9,9,9,9,9,9,9,9,9,9,9,9,9,9,9,9,9,9,9,9,9,9,9,9,9,9,9,9,9,9,9,9,9,9,9,9,9,9,9,9,9,9,9,9,9,9,9,9,9,9,9,9,9,9,9,9,9,9,9,9,9,9,9,9,9,9,9,9,9,9,9,9,9,9,9,9,9,9,9,9,9,9,9,9,9,9,9,9,9,9,9,9,9,9,9,9,9,9,9,9,9,9,9,9,9,9,9,9,9,9,9,9,9,9,9,9,9,9,9,9,9,9,9,9,9,9,9,9,9,9,9,9,9,9,9,9,9,9,9,9,9,9,9,9,9,9,9,9,9,9,9,9,9,9,9,9,9,9,9,9,9,9,9,9,9,9,9,9,9,9,9,9,9,9,9,9,9,9,9,9,9,9,9,9,9,9,9,6,7,6,8,5,4,4,4,5,5,5,5,5,5,5,5,5,5,4,5,4,4,4,3,2,4,5,5,4,3,4,3,4,5,4,4,5,5,5,5,3,2,4,4,2,2,2,2,2,2,2,2,2,2,2,2,2,2,2,2,2,2,3,4,3,3,2,2,2,2,3,3,3,2,2,4,4,2,3,3,2,5,2,3,2,2,2,3,3,3,3,2,2,3,2,2,2,3,2,4,2,2,2,2,3,7,6,6,6,8,5,5,5,8,7,4,4,5,6,5,5,5,5,5,5,5,5,6,4,4,4,4,4,5,5,5,5,8,8,4,3,5,4,4,4,5,5,4,4,2,

06:31.269	ID:1	TP: 2/ TN: 7/ FP: 0/ FN 21
06:31.271	ID:1	/ Suspeitas 100

#6
EWS =
5,7,7,5,7,6,6,5,5,5,7,7,7,9,9,7,6,7,6,7,7,7,6,6,7,7,7,7,7,7,7,7,7,7,7,7,7,6,7,7,7,7,7,7,5,5,6,6,7,7,7,7,7,7,7,8,7,8,7,8,7,8,8,7,7,8,7,8,8,8,8,8,8,8,8,7,8,8,7,8,7,6,6,7,7,6,5,6,6,7,5,5,5,5,5,5,5,5,5,5,5,5,5,5,5,5,5,5,5,5,5,5,5,5,5,5,6,5,5,5,5,5,5,5,5,5,5,5,5,5,5,5,5,5,5,5,5,5,5,5,4,5,5,5,5,5,5,5,5,5,5,5,5,5,5,5,4,4,5,5,5,5,5,5,4,4,5,5,5,5,5,5,5,5,5,5,5,5,5,5,5,5,5,5,5,5,5,5,5,5,5,6,5,5,5,5,5,5,5,5,6,6,5,5,9,9,9,9,9,9,9,9,9,9,9,9,9,9,9,9,9,9,9,9,9,9,9,9,9,9,9,9,9,9,9,7,4,3,3,6,6,7,7,7,7,4,2,2,2,5,6,5,3,5,4,2,2,2,2,2,2,2,2,2,2,2,2,2,2,2,2,2,2,2,2,2,2,2,2,2,2,2,2,2,2,2,2,2,2,2,2,2,2,2,2,2,2,2,2,2,2,2,2,2,2,2,2,2,2,2,2,2,2,2,2,2,2,2,2,2,2,2,2,2,2,2,2,2,2,2,2,2,2,2,2,3,7,6,4,4,5,5,5,4,2,2,2,2,2,2,2,2,2,2,2,2,2,2,2,2,2,2,2,2,2,2,2,2,2,2,2,2,2,2,2,2,2,2,2,2,2,2,2,2,4,4,3,2,2,2,2,5,2,2,2,2,2,2,2,2,

06:31.267	ID:1	TP: 0/ TN: 18/ FP: 0/ FN 12
06:31.268	ID:1	/ Suspeitas 1

#7
EWS =
2,4,5,5,4,3,4,3,4,5,4,4,5,5,5,5,3,2,4,4,2,2,2,2,2,2,2,2,2,2,2,2,2,2,2,2,2,2,3,4,3,3,2,2,2,2,3,3,3,2,2,4,4,2,3,3,2,5,2,3,2,2,2,3,3,3,3,2,2,3,2,2,2,3,2,4,2,2,2,2,3,7,6,6,6,8,5,5,5,8,7,4,4,5,6,5,5,5,5,5,5,5,5,6,4,4,4,4,4,5,5,5,5,8,8,4,3,5,4,4,4,5,5,4,4,2,5,2,4,4,2,2,2,4,2,2,2,2,2,2,2,2,2,2,2,2,2,2,2,2,2,2,2,2,2,2,2,2,2,2,2,2,2,2,2,2,2,2,2,2,2,2,2,2,2,2,2,2,2,2,2,2,2,2,2,2,2,2,2,1,1,1,1,1,1,1,1,1,1,1,1,1,1,1,1,1,1,1,1,1,1,1,1,1,1,1,1,1,1,1,1,1,1,1,1,1,1,1,1,1,1,1,1,1,1,1,1,1,1,2,2,2,5,6,2,3,2,3,4,3,4,4,4,4,4,4,4,4,4,4,4,4,4,4,5,4,4,5,5,4,5,4,4,5,5,5,5,5,5,5,5,6,8,8,7,8,8,8,8,8,8,8,8,7,7,7,7,7,7,7,5,5,5,5,5,5,5,7,7,5,5,5,6,8,6,7,6,5,5,5,5,5,5,5,5,5,5,5,5,5,5,5,5,5,5,5,5,5,5,5,5,5,5,5,5,5,6,5,5,5,5,7,7,5,7,6,6,5,5,5,7,7,7,9,9,7,6,7,6,7,7,7,6,6,7,7,7,7,7,7,7,7,7,7,7,7,7,6,7,7,7,7,7,7,5,5,6,6,7,7,

06:31.270	ID:1	TP: 10/ TN: 20/ FP: 0/ FN 0
06:31.271	ID:1	/ Suspeitas 255

#8
EWS =
2,2,3,2,2,2,2,2,5,2,2,2,2,2,2,2,2,2,2,2,2,2,2,2,3,2,2,2,2,2,2,2,2,2,2,2,2,2,2,2,2,2,2,2,2,2,2,2,2,2,2,2,2,2,2,2,2,2,2,2,2,2,2,2,2,2,2,2,2,2,2,2,2,2,2,2,3,2,2,2,2,2,2,2,2,2,2,2,2,2,2,2,2,2,2,2,2,2,2,2,2,2,2,2,2,2,2,2,2,2,2,2,2,2,2,2,2,2,2,2,2,2,2,2,2,2,2,2,2,2,2,2,2,2,2,2,2,2,2,2,2,2,3,2,2,2,3,6,2,2,2,2,2,2,2,2,2,2,2,2,2,2,2,2,2,2,2,2,2,2,2,2,2,2,2,2,2,2,2,2,2,2,2,2,2,2,2,2,2,2,2,2,2,2,2,2,2,2,2,2,2,4,4,2,4,4,4,4,2,2,2,2,2,2,2,2,2,2,2,2,2,2,2,2,2,2,2,2,2,2,2,2,2,2,2,2,2,2,2,2,2,2,2,2,2,2,2,2,2,2,2,2,2,2,2,3,2,2,4,2,2,2,2,3,3,2,2,3,2,3,2,2,3,4,4,4,4,3,4,4,3,2,2,3,2,2,3,2,3,2,4,4,2,4,4,3,4,4,4,4,4,4,4,4,4,4,4,4,4,4,3,4,7,6,5,6,6,6,7,6,7,7,7,7,7,6,6,6,6,7,7,6,6,6,5,5,7,6,5,5,6,5,6,6,6,6,5,7,6,8,7,7,7,7,8,7,6,6,7,8,8,7,8,7,8,7,7,8,8,8,8,8,8,8,8,8,8,8,8,7,7,8,8,8,8,8,8,8,8,8,8,8,8,8,8,8,5,5,5,5,

06:31.269	ID:1	TP: 0/ TN: 23/ FP: 0/ FN 7
06:31.271	ID:1	/ Suspeitas 22

#9
EWS =
5,5,5,5,5,5,5,5,5,5,5,5,5,5,5,5,5,5,5,5,6,5,5,5,5,5,5,5,5,5,5,5,5,5,5,5,5,5,5,5,5,5,5,5,4,5,5,5,5,5,5,5,5,5,5,5,5,5,5,5,4,4,5,5,5,5,5,5,4,4,5,5,5,5,5,5,5,5,5,5,5,5,5,5,5,5,5,5,5,5,5,5,5,5,5,6,5,5,5,5,5,5,5,5,6,6,5,5,9,9,9,9,9,9,9,9,9,9,9,9,9,9,9,9,9,9,9,9,9,9,9,9,9,9,9,9,9,9,9,7,4,3,3,6,6,7,7,7,7,4,2,2,2,5,6,5,3,5,4,2,2,2,2,2,2,2,2,2,2,2,2,2,2,2,2,2,2,2,2,2,2,2,2,2,2,2,2,2,2,2,2,2,2,2,2,2,2,2,2,2,2,2,2,2,2,2,2,2,2,2,2,2,2,2,2,2,2,2,2,2,2,2,2,2,2,2,2,2,2,2,2,2,2,2,2,2,2,2,2,3,7,6,4,4,5,5,5,4,2,2,2,2,2,2,2,2,2,2,2,2,2,2,2,2,2,2,2,2,2,2,2,2,2,2,2,2,2,2,2,2,2,2,2,2,2,2,2,2,4,4,3,2,2,2,2,5,2,2,2,2,2,2,2,2,2,2,3,2,2,2,2,2,2,2,2,2,2,2,2,2,2,2,2,2,2,2,2,2,2,2,2,2,2,2,2,2,2,2,2,2,2,2,2,2,2,2,2,2,2,2,2,2,2,2,2,2,2,2,2,2,2,2,2,2,2,2,2,2,2,2,2,2,2,2,2,2,3,4,2,2,2,5,3,2,2,2,2,2,2,2,2,2,2,2,2,2,2,2,2,2,

06:31.267	ID:1	TP: 0/ TN: 25/ FP: 0/ FN 5
06:31.268	ID:1	/ Suspeitas 1

#10
EWS =
4,4,4,4,5,5,5,4,5,7,5,5,6,5,4,5,6,7,6,5,5,4,5,4,5,5,4,4,5,6,8,6,7,7,6,6,5,5,5,5,4,5,4,4,5,4,5,5,5,5,5,5,5,5,5,5,5,5,5,5,5,5,5,5,5,5,6,4,4,4,5,7,5,5,5,5,6,7,4,2,4,4,4,2,3,4,2,2,2,2,2,2,2,2,2,2,2,2,2,2,2,2,2,2,2,2,2,2,2,2,4,2,2,2,2,3,5,7,3,5,4,4,4,5,5,5,5,5,5,5,5,5,7,8,5,5,5,5,5,4,4,7,5,5,5,5,5,6,3,3,7,4,3,4,4,4,4,4,2,4,7,8,6,7,5,6,5,5,6,5,4,6,5,5,5,7,5,3,4,2,4,2,2,2,2,2,2,2,2,2,2,2,2,2,2,2,2,2,2,2,2,2,2,2,2,2,2,2,2,2,2,2,2,2,2,2,2,2,2,2,2,2,2,2,2,2,2,2,2,2,2,2,2,2,2,2,2,2,2,2,2,2,2,2,2,2,2,2,3,4,4,3,4,4,4,3,5,4,5,8,8,4,4,4,4,3,3,3,3,3,4,3,3,3,3,3,4,5,4,4,4,3,4,4,4,4,4,4,3,4,4,4,4,4,3,3,4,4,5,4,4,3,4,4,4,4,5,3,4,4,4,4,5,4,5,5,5,4,4,5,3,4,4,4,3,3,3,3,2,4,3,4,5,3,4,3,4,5,4,5,5,4,4,3,3,3,3,3,3,3,3,3,4,3,2,3,4,5,3,4,3,4,5,4,5,5,4,4,4,4,5,4,5,5,4,5,4,4,4,4,4,4,3,3,3,3,3,4,2,2,3,3,4,4,3,3,3,3,3,3,

06:31.267	ID:1	TP: 7/ TN: 18/ FP: 0/ FN 5
06:31.268	ID:1	/ Suspeitas 289

#11
EWS =
2,2,2,2,2,2,2,2,2,2,3,2,2,2,2,2,2,2,2,2,2,2,2,2,2,2,2,2,2,2,2,2,2,2,2,2,2,2,2,2,2,2,2,2,2,2,2,2,2,2,2,2,2,2,2,2,2,2,2,2,2,2,3,2,2,2,2,2,2,2,2,2,2,2,2,2,2,2,2,2,2,2,2,2,2,2,2,2,2,2,2,2,2,2,2,2,2,2,2,2,2,2,2,2,2,2,2,2,2,2,2,2,2,2,2,2,2,2,2,2,2,2,2,2,2,2,2,2,3,2,2,2,3,6,2,2,2,2,2,2,2,2,2,2,2,2,2,2,2,2,2,2,2,2,2,2,2,2,2,2,2,2,2,2,2,2,2,2,2,2,2,2,2,2,2,2,2,2,2,2,2,2,2,2,2,2,2,4,4,2,4,4,4,4,2,2,2,2,2,2,2,2,2,2,2,2,2,2,2,2,2,2,2,2,2,2,2,2,2,2,2,2,2,2,2,2,2,2,2,2,2,2,2,2,2,2,2,2,2,2,2,3,2,2,4,2,2,2,2,3,3,2,2,3,2,3,2,2,3,4,4,4,4,3,4,4,3,2,2,3,2,2,3,2,3,2,4,4,2,4,4,3,4,4,4,4,4,4,4,4,4,4,4,4,4,4,3,4,7,6,5,6,6,6,7,6,7,7,7,7,7,6,6,6,6,7,7,6,6,6,5,5,7,6,5,5,6,5,6,6,6,6,5,7,6,8,7,7,7,7,8,7,6,6,7,8,8,7,8,7,8,7,7,8,8,8,8,8,8,8,8,8,8,8,8,7,7,8,8,8,8,8,8,8,8,8,8,8,8,8,8,8,5,5,5,5,5,5,5,5,5,5,5,5,5,5,5,5,5,5,

06:31.269	ID:1	TP: 0/ TN: 22/ FP: 0/ FN 8
06:31.270	ID:1	/ Suspeitas 8

#-
EWS =
2,2,2,2,3,4,2,2,2,5,3,2,2,2,2,2,2,2,2,2,2,2,2,2,2,2,2,2,2,2,2,2,2,2,2,2,2,2,2,2,2,2,2,2,2,2,2,2,2,2,2,2,2,2,2,2,2,2,3,2,2,2,2,2,2,2,2,2,2,2,2,2,2,2,2,2,2,2,2,3,2,3,3,2,2,4,2,2,2,2,2,2,2,4,2,3,2,3,3,3,2,2,2,2,2,2,2,2,2,2,2,2,2,2,2,2,2,2,2,2,2,2,2,2,2,2,3,2,2,2,2,2,2,2,2,2,2,3,3,2,4,4,4,5,3,4,4,4,2,3,2,2,2,2,2,2,2,2,2,2,2,2,2,2,2,2,2,2,2,2,2,2,2,2,2,2,2,2,2,2,2,2,2,2,2,2,2,2,2,2,2,2,3,2,2,2,2,2,3,2,2,2,2,2,2,2,2,2,2,2,2,2,2,2,2,2,2,2,2,2,2,2,2,2,2,2,2,2,2,2,2,2,2,2,2,2,2,2,2,5,2,2,2,2,2,2,2,2,2,2,2,2,2,2,2,2,2,2,2,2,2,2,2,2,2,2,2,2,2,2,2,2,2,2,3,2,2,2,2,2,2,2,2,2,2,2,2,2,2,2,2,2,2,2,2,2,2,2,2,2,2,2,2,2,5,2,2,6,5,5,2,2,2,2,2,2,2,2,2,2,2,2,2,2,2,2,2,3,4,2,2,2,2,2,2,2,2,2,2,2,2,2,3,2,2,2,2,2,5,2,2,2,2,2,2,2,2,2,2,2,2,2,2,2,3,2,2,2,2,2,2,2,2,2,2,2,2,2,2,2,2,2,2,2,2,2,2,2,2,2,2,2,2,2,2,2,2,2,2,2,

06:31.267	ID:1	TP: 0/ TN: 30/ FP: 0/ FN 0
06:31.268	ID:1	/ Suspeitas 242

#-
EWS =
4,4,5,5,5,5,5,5,5,5,5,5,4,5,4,4,4,3,2,4,5,5,4,3,4,3,4,5,4,4,5,5,5,5,3,2,4,4,2,2,2,2,2,2,2,2,2,2,2,2,2,2,2,2,2,2,3,4,3,3,2,2,2,2,3,3,3,2,2,4,4,2,3,3,2,5,2,3,2,2,2,3,3,3,3,2,2,3,2,2,2,3,2,4,2,2,2,2,3,7,6,6,6,8,5,5,5,8,7,4,4,5,6,5,5,5,5,5,5,5,5,6,4,4,4,4,4,5,5,5,5,8,8,4,3,5,4,4,4,5,5,4,4,2,5,2,4,4,2,2,2,4,2,2,2,2,2,2,2,2,2,2,2,2,2,2,2,2,2,2,2,2,2,2,2,2,2,2,2,2,2,2,2,2,2,2,2,2,2,2,2,2,2,2,2,2,2,2,2,2,2,2,2,2,2,2,2,1,1,1,1,1,1,1,1,1,1,1,1,1,1,1,1,1,1,1,1,1,1,1,1,1,1,1,1,1,1,1,1,1,1,1,1,1,1,1,1,1,1,1,1,1,1,1,1,1,1,2,2,2,5,6,2,3,2,3,4,3,4,4,4,4,4,4,4,4,4,4,4,4,4,4,5,4,4,5,5,4,5,4,4,5,5,5,5,5,5,5,5,6,8,8,7,8,8,8,8,8,8,8,8,7,7,7,7,7,7,7,5,5,5,5,5,5,5,7,7,5,5,5,6,8,6,7,6,5,5,5,5,5,5,5,5,5,5,5,5,5,5,5,5,5,5,5,5,5,5,5,5,5,5,5,5,5,6,5,5,5,5,7,7,5,7,6,6,5,5,5,7,7,7,9,9,7,6,7,6,7,7,7,6,6,7,7,7,7,7,7,7,7,

06:31.269	ID:1	TP: 8/ TN: 22/ FP: 0/ FN 0
06:31.271	ID:1	/ Suspeitas 272

#-
EWS =
2,2,2,2,3,4,3,3,2,2,2,2,3,3,3,2,2,4,4,2,3,3,2,5,2,3,2,2,2,3,3,3,3,2,2,3,2,2,2,3,2,4,2,2,2,2,3,7,6,6,6,8,5,5,5,8,7,4,4,5,6,5,5,5,5,5,5,5,5,6,4,4,4,4,4,5,5,5,5,8,8,4,3,5,4,4,4,5,5,4,4,2,5,2,4,4,2,2,2,4,2,2,2,2,2,2,2,2,2,2,2,2,2,2,2,2,2,2,2,2,2,2,2,2,2,2,2,2,2,2,2,2,2,2,2,2,2,2,2,2,2,2,2,2,2,2,2,2,2,2,2,2,2,2,2,1,1,1,1,1,1,1,1,1,1,1,1,1,1,1,1,1,1,1,1,1,1,1,1,1,1,1,1,1,1,1,1,1,1,1,1,1,1,1,1,1,1,1,1,1,1,1,1,1,1,2,2,2,5,6,2,3,2,3,4,3,4,4,4,4,4,4,4,4,4,4,4,4,4,4,5,4,4,5,5,4,5,4,4,5,5,5,5,5,5,5,5,6,8,8,7,8,8,8,8,8,8,8,8,7,7,7,7,7,7,7,5,5,5,5,5,5,5,7,7,5,5,5,6,8,6,7,6,5,5,5,5,5,5,5,5,5,5,5,5,5,5,5,5,5,5,5,5,5,5,5,5,5,5,5,5,5,6,5,5,5,5,7,7,5,7,6,6,5,5,5,7,7,7,9,9,7,6,7,6,7,7,7,6,6,7,7,7,7,7,7,7,7,7,7,7,7,7,6,7,7,7,7,7,7,5,5,6,6,7,7,7,7,7,7,7,8,7,8,7,8,7,8,8,7,7,8,7,8,8,8,8,8,8,8,8,7,8,8,7,8,7,6,6,7,

06:31.270	ID:1	TP: 11/ TN: 18/ FP: 0/ FN 1
06:31.271	ID:1	/ Suspeitas 234

#-
EWS =
2,2,3,2,2,2,2,2,2,2,2,2,2,2,2,2,2,2,2,2,2,2,2,3,2,3,3,2,2,4,2,2,2,2,2,2,2,4,2,3,2,3,3,3,2,2,2,2,2,2,2,2,2,2,2,2,2,2,2,2,2,2,2,2,2,2,2,2,2,2,3,2,2,2,2,2,2,2,2,2,2,3,3,2,4,4,4,5,3,4,4,4,2,3,2,2,2,2,2,2,2,2,2,2,2,2,2,2,2,2,2,2,2,2,2,2,2,2,2,2,2,2,2,2,2,2,2,2,2,2,2,2,2,2,2,2,3,2,2,2,2,2,3,2,2,2,2,2,2,2,2,2,2,2,2,2,2,2,2,2,2,2,2,2,2,2,2,2,2,2,2,2,2,2,2,2,2,2,2,2,2,2,2,5,2,2,2,2,2,2,2,2,2,2,2,2,2,2,2,2,2,2,2,2,2,2,2,2,2,2,2,2,2,2,2,2,2,2,3,2,2,2,2,2,2,2,2,2,2,2,2,2,2,2,2,2,2,2,2,2,2,2,2,2,2,2,2,2,5,2,2,6,5,5,2,2,2,2,2,2,2,2,2,2,2,2,2,2,2,2,2,3,4,2,2,2,2,2,2,2,2,2,2,2,2,2,3,2,2,2,2,2,5,2,2,2,2,2,2,2,2,2,2,2,2,2,2,2,3,2,2,2,2,2,2,2,2,2,2,2,2,2,2,2,2,2,2,2,2,2,2,2,2,2,2,2,2,2,2,2,2,2,2,2,2,2,2,2,2,2,2,2,2,2,2,2,2,2,2,2,3,2,2,2,2,2,2,2,2,2,2,2,2,2,2,2,2,2,2,2,2,2,2,2,2,2,2,2,2,2,2,2,2,2,2,2,2,2,2,2,

06:31.267	ID:1	TP: 0/ TN: 30/ FP: 0/ FN 0
06:31.268	ID:1	/ Suspeitas 338

#-
EWS =
7,6,6,6,5,5,7,6,5,5,6,5,6,6,6,6,5,7,6,8,7,7,7,7,8,7,6,6,7,8,8,7,8,7,8,7,7,8,8,8,8,8,8,8,8,8,8,8,8,7,7,8,8,8,8,8,8,8,8,8,8,8,8,8,8,8,5,5,5,5,5,5,5,5,5,5,5,5,5,5,5,5,5,5,6,7,6,5,6,5,6,6,5,5,5,5,5,5,5,7,7,7,7,7,7,7,6,5,6,5,5,6,4,5,5,5,5,5,5,5,5,5,5,5,5,5,5,5,5,5,5,5,5,4,4,4,4,4,4,4,4,4,4,4,4,4,4,4,4,4,4,4,4,4,5,5,5,4,5,7,5,5,6,5,4,5,6,7,6,5,5,4,5,4,5,5,4,4,5,6,8,6,7,7,6,6,5,5,5,5,4,5,4,4,5,4,5,5,5,5,5,5,5,5,5,5,5,5,5,5,5,5,5,5,5,5,6,4,4,4,5,7,5,5,5,5,6,7,4,2,4,4,4,2,3,4,2,2,2,2,2,2,2,2,2,2,2,2,2,2,2,2,2,2,2,2,2,2,2,2,4,2,2,2,2,3,5,7,3,5,4,4,4,5,5,5,5,5,5,5,5,5,7,8,5,5,5,5,5,4,4,7,5,5,5,5,5,6,3,3,7,4,3,4,4,4,4,4,2,4,7,8,6,7,5,6,5,5,6,5,4,6,5,5,5,7,5,3,4,2,4,2,2,2,2,2,2,2,2,2,2,2,2,2,2,2,2,2,2,2,2,2,2,2,2,2,2,2,2,2,2,2,2,2,2,2,2,2,2,2,2,2,2,2,2,2,2,2,2,2,2,2,2,2,2,2,2,2,2,2,2,2,2,2,2,2,2,2,3,4,

#-
EWS =
2,2,2,2,2,2,2,2,2,2,2,2,2,2,2,2,2,2,2,2,2,2,2,2,2,2,2,2,2,2,2,2,2,2,2,2,2,2,2,2,2,2,2,2,2,2,2,2,3,2,2,2,3,6,2,2,2,2,2,2,2,2,2,2,2,2,2,2,2,2,2,2,2,2,2,2,2,2,2,2,2,2,2,2,2,2,2,2,2,2,2,2,2,2,2,2,2,2,2,2,2,2,2,2,2,2,2,4,4,2,4,4,4,4,2,2,2,2,2,2,2,2,2,2,2,2,2,2,2,2,2,2,2,2,2,2,2,2,2,2,2,2,2,2,2,2,2,2,2,2,2,2,2,2,2,2,2,2,2,2,2,3,2,2,4,2,2,2,2,3,3,2,2,3,2,3,2,2,3,4,4,4,4,3,4,4,3,2,2,3,2,2,3,2,3,2,4,4,2,4,4,3,4,4,4,4,4,4,4,4,4,4,4,4,4,4,3,4,7,6,5,6,6,6,7,6,7,7,7,7,7,6,6,6,6,7,7,6,6,6,5,5,7,6,5,5,6,5,6,6,6,6,5,7,6,8,7,7,7,7,8,7,6,6,7,8,8,7,8,7,8,7,7,8,8,8,8,8,8,8,8,8,8,8,8,7,7,8,8,8,8,8,8,8,8,8,8,8,8,8,8,8,5,5,5,5,5,5,5,5,5,5,5,5,5,5,5,5,5,5,6,7,6,5,6,5,6,6,5,5,5,5,5,5,5,7,7,7,7,7,7,7,6,5,6,5,5,6,4,5,5,5,5,5,5,5,5,5,5,5,5,5,5,5,5,5,5,5,5,4,4,4,4,4,4,4,4,4,4,4,4,4,4,4,4,4,4,4,4,4,5,5,5,4,5,7,5,5,6,5,

06:31.267	ID:1	TP: 0/ TN: 19/ FP: 0/ FN 11
06:31.268	ID:1	/ Suspeitas 2

#-
EWS =
9,9,9,9,9,9,9,9,9,9,9,9,9,9,9,9,9,9,9,9,9,9,9,9,9,9,9,9,9,9,9,9,9,9,9,9,9,9,9,9,9,9,9,9,9,9,9,9,9,9,9,9,9,9,9,9,9,9,9,9,9,9,9,9,9,9,9,9,9,9,9,9,9,9,9,9,9,9,9,9,9,9,9,9,9,9,9,9,9,9,9,9,9,9,9,9,9,9,9,9,9,9,9,9,9,9,9,9,9,9,9,9,9,9,9,9,9,9,9,9,9,9,9,9,9,9,9,9,9,9,9,9,9,9,9,9,9,9,9,9,9,9,9,9,9,9,9,9,9,9,9,9,9,9,9,9,9,9,9,9,9,9,9,9,9,9,9,9,9,9,9,9,9,9,9,9,9,9,9,9,9,9,9,9,9,9,9,9,9,9,9,9,9,9,9,9,9,9,9,9,9,9,9,9,9,9,9,9,9,9,9,9,9,9,9,9,9,9,9,9,9,9,9,9,9,9,9,9,9,9,9,9,9,9,9,9,9,9,9,9,9,9,9,9,9,9,9,9,9,9,9,9,9,9,9,9,9,9,9,9,9,9,9,9,9,9,9,9,9,9,9,9,9,9,9,9,9,9,9,9,9,9,9,9,9,9,9,9,9,9,9,9,9,9,9,9,9,9,9,9,9,9,9,9,9,9,9,9,9,9,9,9,9,9,9,9,9,9,9,9,9,9,9,9,9,9,9,9,9,9,6,7,6,8,5,4,4,4,5,5,5,5,5,5,5,5,5,5,4,5,4,4,4,3,2,4,5,5,4,3,4,3,4,5,4,4,5,5,5,5,3,2,4,4,2,2,2,2,2,2,2,2,2,2,2,2,2,2,2,2,2,2,3,4,3,3,2,2,2,2,

06:31.267	ID:1	TP: 1/ TN: 4/ FP: 0/ FN 25
06:31.268	ID:1	/ Suspeitas 47

#-
EWS =
7,4,4,5,6,5,5,5,5,5,5,5,5,6,4,4,4,4,4,5,5,5,5,8,8,4,3,5,4,4,4,5,5,4,4,2,5,2,4,4,2,2,2,4,2,2,2,2,2,2,2,2,2,2,2,2,2,2,2,2,2,2,2,2,2,2,2,2,2,2,2,2,2,2,2,2,2,2,2,2,2,2,2,2,2,2,2,2,2,2,2,2,2,2,2,2,2,2,2,1,1,1,1,1,1,1,1,1,1,1,1,1,1,1,1,1,1,1,1,1,1,1,1,1,1,1,1,1,1,1,1,1,1,1,1,1,1,1,1,1,1,1,1,1,1,1,1,1,1,2,2,2,5,6,2,3,2,3,4,3,4,4,4,4,4,4,4,4,4,4,4,4,4,4,5,4,4,5,5,4,5,4,4,5,5,5,5,5,5,5,5,6,8,8,7,8,8,8,8,8,8,8,8,7,7,7,7,7,7,7,5,5,5,5,5,5,5,7,7,5,5,5,6,8,6,7,6,5,5,5,5,5,5,5,5,5,5,5,5,5,5,5,5,5,5,5,5,5,5,5,5,5,5,5,5,5,6,5,5,5,5,7,7,5,7,6,6,5,5,5,7,7,7,9,9,7,6,7,6,7,7,7,6,6,7,7,7,7,7,7,7,7,7,7,7,7,7,6,7,7,7,7,7,7,5,5,6,6,7,7,7,7,7,7,7,8,7,8,7,8,7,8,8,7,7,8,7,8,8,8,8,8,8,8,8,7,8,8,7,8,7,6,6,7,7,6,5,6,6,7,5,5,5,5,5,5,5,5,5,5,5,5,5,5,5,5,5,5,5,5,5,5,5,5,5,5,6,5,5,5,5,5,5,5,5,5,5,5,5,5,5,5,5,5,5,5,5,5,5,5,

06:31.267	ID:1	TP: 12/ TN: 17/ FP: 0/ FN 1
06:31.268	ID:1	/ Suspeitas 239

#-
EWS =
4,4,5,5,5,5,3,2,4,4,2,2,2,2,2,2,2,2,2,2,2,2,2,2,2,2,2,2,3,4,3,3,2,2,2,2,3,3,3,2,2,4,4,2,3,3,2,5,2,3,2,2,2,3,3,3,3,2,2,3,2,2,2,3,2,4,2,2,2,2,3,7,6,6,6,8,5,5,5,8,7,4,4,5,6,5,5,5,5,5,5,5,5,6,4,4,4,4,4,5,5,5,5,8,8,4,3,5,4,4,4,5,5,4,4,2,5,2,4,4,2,2,2,4,2,2,2,2,2,2,2,2,2,2,2,2,2,2,2,2,2,2,2,2,2,2,2,2,2,2,2,2,2,2,2,2,2,2,2,2,2,2,2,2,2,2,2,2,2,2,2,2,2,2,2,2,2,2,2,1,1,1,1,1,1,1,1,1,1,1,1,1,1,1,1,1,1,1,1,1,1,1,1,1,1,1,1,1,1,1,1,1,1,1,1,1,1,1,1,1,1,1,1,1,1,1,1,1,1,2,2,2,5,6,2,3,2,3,4,3,4,4,4,4,4,4,4,4,4,4,4,4,4,4,5,4,4,5,5,4,5,4,4,5,5,5,5,5,5,5,5,6,8,8,7,8,8,8,8,8,8,8,8,7,7,7,7,7,7,7,5,5,5,5,5,5,5,7,7,5,5,5,6,8,6,7,6,5,5,5,5,5,5,5,5,5,5,5,5,5,5,5,5,5,5,5,5,5,5,5,5,5,5,5,5,5,6,5,5,5,5,7,7,5,7,6,6,5,5,5,7,7,7,9,9,7,6,7,6,7,7,7,6,6,7,7,7,7,7,7,7,7,7,7,7,7,7,6,7,7,7,7,7,7,5,5,6,6,7,7,7,7,7,7,7,8,7,8,7,8,
